tfidf
7 0 14 
3 1 5 
14 1 15 
46 0 3 
1 13 3 
adjusted rank index: 0.3210736644340323
completeness: 0.41729069332216195
v-measure: 0.32618990724279867
homogeneity: 0.26773857954557767

PCA66
1 19 1 
0 9 0 
0 14 16 
0 1 48 
15 2 0 
adjusted rank index: 0.4734266320318098
completeness: 0.6751181393934285
v-measure: 0.5379858975830368
homogeneity: 0.44715773190265046

PCA76
3 18 0 
1 8 0 
11 12 7 
46 3 0 
0 17 0 
adjusted rank index: 0.32937994431539996
completeness: 0.49528655654567677
v-measure: 0.36856987885483544
homogeneity: 0.2934835320728486

PCA86
0 13 8 
0 5 4 
3 15 12 
17 0 32 
0 0 17 
adjusted rank index: 0.11916215950629433
completeness: 0.33755142968418955
v-measure: 0.2669850112866979
homogeneity: 0.22082144333476295

PCA96
0 16 5 
0 8 1 
3 25 2 
16 25 8 
0 0 17 
adjusted rank index: 0.1010496248375766
completeness: 0.3242680064232663
v-measure: 0.2547688973422139
homogeneity: 0.20980269602759

PCA106
2 13 6 
0 8 1 
4 22 4 
3 45 1 
0 0 17 
adjusted rank index: 0.20155100917451074
completeness: 0.38084652744103753
v-measure: 0.26388181292631935
homogeneity: 0.20188068014094046

PCA116
6 0 15 
3 0 6 
12 2 16 
8 14 27 
1 0 16 
adjusted rank index: -0.013162142104290592
completeness: 0.13982451637316054
v-measure: 0.10578293607863855
homogeneity: 0.08507148984887683

PCA126
1 16 4 
0 9 0 
4 18 8 
3 7 39 
16 1 0 
adjusted rank index: 0.3062022157684549
completeness: 0.4202043436903202
v-measure: 0.3502930112741851
homogeneity: 0.3003263353482364

KPCAlin66
0 0 21 
0 0 9 
0 1 29 
0 16 33 
15 0 2 
adjusted rank index: 0.11183355756631626
completeness: 0.5562817465807731
v-measure: 0.37388110558197385
homogeneity: 0.2815597581907779

KPCAlin76
0 19 2 
0 9 0 
1 29 0 
9 40 0 
0 1 16 
adjusted rank index: 0.13384566003212542
completeness: 0.551007069421385
v-measure: 0.3472148132470059
homogeneity: 0.25346845210270796

KPCAlin86
21 0 0 
7 2 0 
29 0 1 
42 0 7 
17 0 0 
adjusted rank index: -0.014856390904069811
completeness: 0.267592510472511
v-measure: 0.09511411349083297
homogeneity: 0.057835735058284515

KPCAlin96
9 11 1 
4 3 2 
11 14 5 
3 46 0 
5 12 0 
adjusted rank index: 0.15449823373119845
completeness: 0.1941934202250775
v-measure: 0.13528668645619701
homogeneity: 0.10379995404694117

KPCAlin106
7 14 0 
2 7 0 
1 27 2 
0 41 8 
1 16 0 
adjusted rank index: 0.01978524140612575
completeness: 0.2229413650494937
v-measure: 0.12415909257156467
homogeneity: 0.08603718953927253

KPCAlin116
8 9 4 
2 5 2 
4 20 6 
1 47 1 
3 14 0 
adjusted rank index: 0.12965408440444548
completeness: 0.1855713260128224
v-measure: 0.12281936055604589
homogeneity: 0.09178257691233391

kpcapoly66
1 1 19 
0 0 9 
0 3 27 
0 20 29 
15 0 2 
adjusted rank index: 0.11907973280349708
completeness: 0.46023015620607777
v-measure: 0.33488382760246727
homogeneity: 0.26319983859745105

kpcapoly76
1 1 19 
0 0 9 
3 1 26 
26 0 23 
0 0 17 
adjusted rank index: 0.01486066973510189
completeness: 0.2914197533044426
v-measure: 0.17438136686500705
homogeneity: 0.1244146461239753

kpcapoly86
0 21 0 
0 7 2 
0 30 0 
0 49 0 
11 6 0 
adjusted rank index: 0.11556924614084246
completeness: 0.6666654077194798
v-measure: 0.2722853913723067
homogeneity: 0.17107962330166365

kpcapoly96
1 4 16 
0 0 9 
2 4 24 
21 12 16 
0 16 1 
adjusted rank index: 0.10792601247581021
completeness: 0.30043402342897924
v-measure: 0.24542579642666412
homogeneity: 0.20744371099455677

kpcapoly106
10 11 0 
4 3 2 
23 7 0 
48 1 0 
16 1 0 
adjusted rank index: 0.125605405696048
completeness: 0.29650509055448776
v-measure: 0.16250281384373327
homogeneity: 0.11192122411324254

kpcapoly116
1 20 0 
0 9 0 
0 29 1 
1 39 9 
14 3 0 
adjusted rank index: 0.09227666983916365
completeness: 0.45534021430221777
v-measure: 0.27867215258901556
homogeneity: 0.2007736963192026

kpcacos66
2 0 19 
1 0 8 
14 0 16 
47 0 2 
0 11 6 
adjusted rank index: 0.39293237589144486
completeness: 0.5712519115694972
v-measure: 0.4413556888603417
homogeneity: 0.35958917754652686

kpcacos76
21 0 0 
9 0 0 
21 7 2 
35 0 14 
17 0 0 
adjusted rank index: -0.027963570493470785
completeness: 0.2918885199680665
v-measure: 0.1669657452039482
homogeneity: 0.11692433690948767

kpcacos86
0 1 20 
0 0 9 
0 13 17 
0 49 0 
8 4 5 
adjusted rank index: 0.4134147338727347
completeness: 0.6155240502923753
v-measure: 0.4607085894630647
homogeneity: 0.3681197873102445

kpcacos96
16 3 2 
7 0 2 
17 13 0 
6 43 0 
6 3 8 
adjusted rank index: 0.2728844047292887
completeness: 0.3580216150241677
v-measure: 0.27937111127342557
homogeneity: 0.2290526281591287

kpcacos106
2 19 0 
0 9 0 
1 28 1 
0 44 5 
14 3 0 
adjusted rank index: 0.11513313259984446
completeness: 0.46074734663043854
v-measure: 0.2611769752296329
homogeneity: 0.18224045039530978

kpcacos116
2 16 3 
2 7 0 
5 25 0 
0 49 0 
0 16 1 
adjusted rank index: 0.054442784826110514
completeness: 0.25829488324277194
v-measure: 0.10977557410060843
homogeneity: 0.06969881981992253

kpca-sig66
1 20 0 
0 9 0 
1 21 8 
0 5 44 
0 17 0 
adjusted rank index: 0.2932004955730741
completeness: 0.5599033375259496
v-measure: 0.37920057637979604
homogeneity: 0.2866782608021872

kpca-sig76
11 10 0 
0 7 2 
10 20 0 
0 49 0 
0 17 0 
adjusted rank index: 0.12200088614311502
completeness: 0.4241303703546906
v-measure: 0.2249338478411975
homogeneity: 0.15305175708240687

kpca-sig86
0 20 1 
2 7 0 
0 28 2 
0 33 16 
0 17 0 
adjusted rank index: -0.021089096273197223
completeness: 0.2569850608174268
v-measure: 0.1312698358644167
homogeneity: 0.08814831869069041

kpca-sig96
12 0 9 
1 2 6 
0 0 30 
0 0 49 
17 0 0 
adjusted rank index: 0.2969833231257003
completeness: 0.7213570856020658
v-measure: 0.4316496502336738
homogeneity: 0.3079660370189292

kpca-sig106
1 1 19 
0 1 8 
2 0 28 
14 0 35 
0 14 3 
adjusted rank index: 0.09949639039425612
completeness: 0.41545438710878085
v-measure: 0.2827702008749546
homogeneity: 0.21432193647810088

kpca-sig116
0 11 10 
0 6 3 
1 10 19 
0 3 46 
14 1 2 
adjusted rank index: 0.27119174976726645
completeness: 0.423242547540254
v-measure: 0.31899849972750466
homogeneity: 0.2559567179064228

LDA66
1 19 1 
0 9 0 
2 27 1 
3 44 2 
0 16 1 
adjusted rank index: -0.013834007173879653
completeness: 0.04315603856196925
v-measure: 0.016876421516272725
homogeneity: 0.01048912826372026

LDA76
0 20 1 
0 9 0 
2 27 1 
2 45 2 
0 17 0 
adjusted rank index: -0.016288655000750257
completeness: 0.08577237857815105
v-measure: 0.027543831121423272
homogeneity: 0.01640614387345779

LDA86
2 1 18 
1 0 8 
2 1 27 
1 2 46 
0 0 17 
adjusted rank index: 0.004774503050063985
completeness: 0.07538341460419128
v-measure: 0.027739658179232924
homogeneity: 0.01699714084304353

LDA96
1 20 0 
0 9 0 
0 30 0 
2 44 3 
2 13 2 
adjusted rank index: -0.0007932914727639367
completeness: 0.15001995779870841
v-measure: 0.05542201937638456
homogeneity: 0.03398937337132383

LDA106
1 18 2 
0 8 1 
0 26 4 
2 45 2 
0 16 1 
adjusted rank index: 0.0044210660510192205
completeness: 0.061064358018361506
v-measure: 0.0255401138595775
homogeneity: 0.016146735964670398

LDA116
0 0 21 
0 0 9 
1 1 28 
1 3 45 
1 0 16 
adjusted rank index: -0.015425514548835123
completeness: 0.09976052338063594
v-measure: 0.02930937317020725
homogeneity: 0.017178130886856734

LDA126
1 1 19 
0 0 9 
2 1 27 
0 1 48 
0 1 16 
adjusted rank index: 0.010193438782726766
completeness: 0.10930112681316637
v-measure: 0.0321123767712015
homogeneity: 0.01882096242933252

TSVD66
6 15 0 
1 8 0 
0 27 3 
1 31 17 
17 0 0 
adjusted rank index: 0.15385231770832902
completeness: 0.4555949671969842
v-measure: 0.34586043896660246
homogeneity: 0.2787264358577392

TSVD76
5 0 16 
0 0 9 
18 1 11 
36 10 3 
0 0 17 
adjusted rank index: 0.19379733943534214
completeness: 0.39718455461181174
v-measure: 0.3079956473919416
homogeneity: 0.25151683558359883

TSVD86
1 9 11 
0 6 3 
1 23 6 
0 49 0 
0 0 17 
adjusted rank index: 0.27503427703137867
completeness: 0.5028294583055298
v-measure: 0.31903242669074366
homogeneity: 0.23363343047458324

TSVD96
1 19 1 
0 9 0 
1 29 0 
0 49 0 
0 6 11 
adjusted rank index: 0.10553871866012061
completeness: 0.5288772813537072
v-measure: 0.22419770587384485
homogeneity: 0.1422495324658721

TSVD106
9 0 12 
2 2 5 
3 0 27 
0 0 49 
13 0 4 
adjusted rank index: 0.20625272756775354
completeness: 0.43756098737388743
v-measure: 0.25327060663741374
homogeneity: 0.1782119368005998

TSVD116
2 14 5 
0 5 4 
9 14 7 
44 5 0 
1 14 2 
adjusted rank index: 0.3157107404983699
completeness: 0.35624735124240076
v-measure: 0.28951146495709357
homogeneity: 0.2438339948128927

TSVD126
9 2 10 
4 0 5 
14 10 6 
0 49 0 
0 0 17 
adjusted rank index: 0.48642737618136334
completeness: 0.564334056625011
v-measure: 0.46906978633379337
homogeneity: 0.4013231152352455

