
none
[ [ 18872, -13284.3972, 6.8909, 0.2782, 0.3052, 0.3028, 0.3005 ]]

pca
[[ 141, 0.0, 6.9209, 0.2304, 0.2951, 0.289, 0.2831 ], 
[ 136, 3.5461, 6.9436, 0.3702, 0.3618, 0.3609, 0.3599 ], 
[ 131, 7.0922, 6.7552, 0.3481, 0.3991, 0.3958, 0.3926 ], 
[ 126, 10.6383, 6.7293, 0.271, 0.3346, 0.3291, 0.3238 ], 
[ 121, 14.1844, 6.2741, 0.16, 0.3294, 0.3024, 0.2795 ], 
[ 116, 17.7305, 6.6081, 0.1788, 0.2342, 0.2293, 0.2246 ], 
[ 111, 21.2766, 6.087, 0.078, 0.1705, 0.1456, 0.127 ], 
[ 106, 24.8227, 5.7156, 0.0868, 0.1986, 0.1638, 0.1393 ], 
[ 101, 28.3688, 5.8467, 0.0685, 0.128, 0.1096, 0.0959 ], 
[ 96, 31.9149, 6.3334, 0.2143, 0.2351, 0.2302, 0.2256 ], 
[ 91, 35.461, 5.7501, 0.1655, 0.1927, 0.1787, 0.1667 ], 
[ 86, 39.0071, 4.8877, 0.0705, 0.1836, 0.1521, 0.1299 ]]

kpca,lin
[ [ 141, 0.0, 6.8366, 0.3208, 0.3312, 0.33, 0.3288 ], 
[ 136, 3.5461, 6.9436, 0.3702, 0.3618, 0.3609, 0.3599 ], 
[ 131, 7.0922, 6.7552, 0.3481, 0.3991, 0.3958, 0.3926 ], 
[ 126, 10.6383, 6.7293, 0.271, 0.3346, 0.3291, 0.3238 ], 
[ 121, 14.1844, 6.2741, 0.16, 0.3294, 0.3024, 0.2795 ], 
[ 116, 17.7305, 6.6081, 0.1788, 0.2342, 0.2293, 0.2246 ], 
[ 111, 21.2766, 2.9543, 0.0092, 0.1503, 0.075, 0.0499 ], 
[ 106, 24.8227, 4.4279, 0.0092, 0.1306, 0.0955, 0.0753 ], 
[ 101, 28.3688, 4.4322, 0.0454, 0.1857, 0.1283, 0.098 ], 
[ 96, 31.9149, 4.0184, 0.0135, 0.194, 0.1378, 0.1068 ], 
[ 91, 35.461, 5.4588, 0.071, 0.1932, 0.1733, 0.1571 ], 
[ 86, 39.0071, 4.9728, 0.0899, 0.131, 0.1088, 0.0931 ], 
 ]
kpca,poly
[ [ 141, 0.0, 6.9303, 0.3589, 0.4182, 0.4142, 0.4104 ], 
[ 136, 3.5461, 6.9437, 0.3702, 0.3618, 0.3609, 0.3599 ], 
[ 131, 7.0922, 6.7553, 0.3481, 0.3991, 0.3958, 0.3926 ], 
[ 126, 10.6383, 6.7294, 0.271, 0.3346, 0.3291, 0.3238 ], 
[ 121, 14.1844, 6.2742, 0.16, 0.3294, 0.3024, 0.2795 ], 
[ 116, 17.7305, 6.6082, 0.1788, 0.2342, 0.2293, 0.2246 ], 
[ 111, 21.2766, 2.9544, 0.0092, 0.1503, 0.075, 0.0499 ], 
[ 106, 24.8227, 4.4279, 0.0092, 0.1306, 0.0955, 0.0753 ], 
[ 101, 28.3688, 4.4322, 0.0454, 0.1857, 0.1283, 0.098 ], 
[ 96, 31.9149, 4.0184, 0.0135, 0.194, 0.1378, 0.1068 ], 
[ 91, 35.461, 5.4589, 0.071, 0.1932, 0.1733, 0.1571 ], 
[ 86, 39.0071, 4.9728, 0.0899, 0.131, 0.1088, 0.0931 ], 
 ]
kpca,cos
[ [ 136, 3.5461, 6.9436, 0.3702, 0.3618, 0.3609, 0.3599 ], 
[ 131, 7.0922, 6.7552, 0.3481, 0.3991, 0.3958, 0.3926 ], 
[ 126, 10.6383, 6.7293, 0.271, 0.3346, 0.3291, 0.3238 ], 
[ 121, 14.1844, 6.2741, 0.16, 0.3294, 0.3024, 0.2795 ], 
[ 116, 17.7305, 6.6081, 0.1788, 0.2342, 0.2293, 0.2246 ], 
[ 111, 21.2766, 2.9543, 0.0092, 0.1503, 0.075, 0.0499 ], 
[ 106, 24.8227, 4.4279, 0.0092, 0.1306, 0.0955, 0.0753 ], 
[ 101, 28.3688, 4.4322, 0.0454, 0.1857, 0.1283, 0.098 ], 
[ 96, 31.9149, 4.0184, 0.0135, 0.194, 0.1378, 0.1068 ], 
[ 91, 35.461, 5.4588, 0.071, 0.1932, 0.1733, 0.1571 ], 
[ 86, 39.0071, 4.9728, 0.0899, 0.131, 0.1088, 0.0931 ], 
 ]
kpca,sig
[ [ 141, 0.0, 6.8547, 0.3375, 0.3474, 0.3463, 0.3453 ], 
[ 136, 3.5461, 6.9436, 0.3702, 0.3618, 0.3609, 0.3599 ], 
[ 131, 7.0922, 6.7552, 0.3481, 0.3991, 0.3958, 0.3926 ], 
[ 126, 10.6383, 6.7293, 0.271, 0.3346, 0.3291, 0.3238 ], 
[ 121, 14.1844, 6.274, 0.16, 0.3294, 0.3024, 0.2795 ], 
[ 116, 17.7305, 6.6081, 0.1788, 0.2342, 0.2293, 0.2246 ], 
[ 111, 21.2766, 2.9543, 0.0092, 0.1503, 0.075, 0.0499 ], 
[ 106, 24.8227, 4.4278, 0.0092, 0.1306, 0.0955, 0.0753 ], 
[ 101, 28.3688, 4.4321, 0.0454, 0.1857, 0.1283, 0.098 ], 
[ 96, 31.9149, 4.0183, 0.0135, 0.194, 0.1378, 0.1068 ], 
[ 91, 35.461, 5.4588, 0.071, 0.1932, 0.1733, 0.1571 ], 
[ 86, 39.0071, 4.9728, 0.0899, 0.131, 0.1088, 0.0931 ], 
 ]